# Benchmark Results (10 iterations)
# Times in milliseconds

dfs_pruning = [1385.734805, 1372.8192, 1380.178015, 1401.4888779999999, 1409.9229280000002, 1409.9544640000001, 1406.499347, 1369.7746989999998, 1390.707324, 1335.79253]
scc_v1 = [203.50168299999999, 217.851786, 217.392316, 219.01619399999998, 216.237323, 217.00196699999998, 206.069438, 212.137791, 211.463986, 216.154293]
scc_v2_optimized = [207.269936, 210.275137, 227.10857000000001, 220.667385, 220.293286, 224.953326, 208.440351, 317.36142099999995, 206.092872, 209.628699]
